SiO2	Al2O3	FeO	MnO	MgO	CaO	Na2O	K2O	BaO
62.0889	18.7983	0.0409	0.0000	-0.0012	0.0000	0.5658	15.1690	1.3000
62.9040	18.9645	0.0546	0.0002	0.0000	0.0000	0.4880	15.3347	1.5570
60.6275	18.6079	0.0401	0.0000	0.0056	0.0000	0.5029	15.2455	1.6923
62.1080	18.5539	0.0021	0.0000	0.0000	0.0000	0.5160	15.2338	1.7417
62.3293	18.7821	0.0289	0.0000	-0.0046	0.0000	0.5192	15.2245	1.8546
62.9272	18.7375	0.0245	0.0074	0.0027	0.0000	0.6300	15.2739	1.3588
62.7978	18.3762	0.0378	0.0050	0.0000	0.0000	0.5762	15.4173	1.0961
62.4409	18.6083	0.0244	0.0026	0.0000	0.0000	0.6026	15.1968	1.8900
63.7904	18.8677	0.0177	0.0073	-0.0048	0.0000	0.6784	15.1945	1.7480
61.0765	18.6968	0.0178	0.0000	0.0000	0.0000	0.5353	15.3483	1.5502
								
								
								
								
								
								
								
								
								
								
								
								
								
								
								
								
								
								
								
								
								
								
								
								
								
								
								
								
								
								
								
								
								
								
								
								
								
								
								