SiO2	TiO2	Al2O3	FeO	MnO	MgO	CaO	Na2O	K2O	BaO	F	Cl
34.79278	3.26250	18.81894	21.38594	0.51418	7.61532	0.00116	0.12275	9.65540	0.14043	0.16717	0.05268
34.69614	3.02061	18.75562	21.51051	0.46040	7.85806	-0.00866	0.15147	9.65586	0.19491	0.16036	0.04364
34.94218	3.28374	19.02513	21.42638	0.43474	7.82834	-0.00712	0.11509	9.74521	-0.00388	0.18504	0.04293
34.81343	3.39789	18.70780	21.28356	0.53445	7.63046	0.00212	0.10462	9.76531	0.06487	0.14833	0.03863
34.89640	3.22145	18.99033	21.14187	0.48436	7.64276	-0.01444	0.11133	9.64770	0.18748	0.15193	0.05432
34.91184	3.10549	18.84880	21.33369	0.39670	7.79706	-0.00788	0.16682	9.62629	0.10330	0.15656	0.05149
34.19748	3.09824	18.53463	22.00548	0.43759	7.92717	0.01179	0.08762	9.00728	0.10305	0.21041	0.04367
34.82052	3.17767	19.03292	21.48451	0.40327	7.93063	-0.01406	0.16562	9.36150	0.11846	0.16742	0.04865
34.77265	3.05927	19.04456	21.15355	0.40123	8.02591	-0.01639	0.17762	9.50166	-0.01918	0.13225	0.04227
34.89664	2.94599	18.99915	20.92385	0.39817	7.83813	-0.00593	0.14659	9.58767	0.08050	0.15751	0.04728
34.18336	2.18095	19.84372	20.71897	0.33899	9.56424	-0.00733	0.16242	8.06495	0.07647	0.14084	0.03586
35.21566	2.46802	19.83365	18.75877	0.24278	9.25692	-0.00565	0.18617	9.63739	0.00819	0.22955	0.03593
35.34666	2.47934	19.75504	18.75154	0.29025	9.37854	0.07398	0.20781	9.55209	0.06986	0.24606	0.03309
34.23167	2.03789	19.95575	20.81621	0.36227	9.62171	-0.00019	0.21660	7.99467	0.06947	0.17137	0.04243
35.51034	2.48689	19.93840	19.01471	0.22928	9.35196	-0.01572	0.23663	9.55472	0.19302	0.21253	0.03595
35.43137	2.35805	20.05239	18.70854	0.26210	9.39792	0.00486	0.23212	9.60330	0.12381	0.24685	0.04668
35.48363	2.65361	19.90686	18.79975	0.23157	9.22076	-0.00058	0.24213	9.62897	0.16995	0.19888	0.05736
35.46544	2.61898	19.95669	18.67887	0.24405	9.36814	0.00098	0.23045	9.68816	0.06218	0.22999	0.05523
35.45412	2.62019	19.99999	18.88420	0.28338	9.30676	-0.00331	0.24978	9.67116	0.04669	0.20131	0.02950
35.59303	2.49523	20.08466	18.74453	0.24426	9.40833	-0.00168	0.27782	9.72334	0.16257	0.19032	0.04314
35.36321	2.82340	19.70795	19.27102	0.47419	8.79745	-0.00853	0.15196	9.73082	0.04995	0.31013	0.02748
35.22517	2.57760	19.66222	19.14666	0.38230	9.06988	0.01406	0.17257	9.78176	0.02720	0.30816	0.03610
35.00350	2.66244	19.71199	19.20399	0.37886	9.16010	0.00551	0.16335	9.62943	0.06565	0.29779	0.03538
35.38283	2.63868	19.80376	19.06629	0.38117	9.09162	0.00938	0.18749	9.71716	0.01174	0.29264	0.04680
35.14862	2.75594	19.67871	19.24643	0.38778	9.16651	-0.00459	0.16895	9.55335	0.01943	0.31111	0.04822
35.93285	2.56102	20.52221	17.89140	0.35374	8.39134	0.00008	0.15591	9.10463	-0.11154	0.26150	0.05126
34.87769	2.66429	19.78363	19.25998	0.35514	9.07613	0.01675	0.15585	9.31818	0.13482	0.29008	0.04611
35.03435	2.59684	19.67607	19.63388	0.39110	9.12829	-0.00106	0.14639	9.43425	-0.02656	0.30004	0.03326
35.17876	2.68097	19.71231	19.87562	0.41335	8.71090	-0.01115	0.14744	9.57030	-0.01893	0.30636	0.05247
35.15152	2.65272	19.70471	19.43467	0.39553	8.87007	-0.01390	0.17369	9.60346	0.01942	0.30555	0.03037
35.09914	3.26892	19.60522	20.07941	0.29313	8.19430	-0.00542	0.33984	9.42092	0.25978	0.13258	0.04717
35.15787	3.17193	19.48376	20.11301	0.32400	8.29291	-0.00844	0.32101	9.33921	0.18331	0.20530	0.03512
34.94756	3.50202	19.38402	20.08308	0.24170	8.24433	0.00399	0.32084	9.49262	0.29106	0.16729	0.04509
35.05050	3.30394	19.35724	19.91084	0.23387	8.27567	0.00438	0.31334	9.36343	0.29119	0.17403	0.07156
34.94638	3.25405	19.38918	20.07693	0.28360	8.24545	0.00170	0.33012	9.46471	0.24511	0.18551	0.04871
35.01186	3.38410	19.39081	20.13547	0.22490	8.25587	-0.00218	0.32094	9.46316	0.20662	0.13480	0.05584
35.24218	3.48565	19.42470	19.88688	0.26986	8.15596	0.01287	0.29758	9.41880	0.31407	0.14717	0.03723
34.99492	3.53281	19.54607	19.98147	0.30145	8.05281	-0.00766	0.29939	9.58908	0.12949	0.17603	0.03651
34.92215	3.66698	19.32834	20.13323	0.30823	8.22019	-0.00105	0.26639	9.43214	0.19868	0.19355	0.03009
34.79205	3.45176	19.25363	20.15614	0.26081	8.21100	-0.01462	0.29817	9.56710	0.12181	0.19143	0.04436
35.42231	0.13083	20.96935	17.78592	0.24041	10.42898	0.01092	0.27554	9.48945	-0.01081	0.41880	0.04161
35.50806	0.12591	21.13931	17.77311	0.21638	11.06382	0.00333	0.25241	9.55351	0.02860	0.40796	0.01591
35.93729	0.11498	21.31283	17.18853	0.18045	11.13490	0.00453	0.32026	9.56262	0.01321	0.42358	0.04616
35.47836	0.06184	21.13209	17.57648	0.19267	10.86740	-0.00957	0.26480	9.58348	-0.00235	0.40034	0.03245
35.65263	0.05349	21.35190	17.48189	0.23345	10.83241	-0.00253	0.26746	9.58741	-0.08752	0.41598	0.03749
35.66297	0.05357	21.22038	17.16912	0.21777	10.85188	0.00531	0.27011	9.66066	-0.06428	0.45557	0.02887
35.79819	0.08433	21.29296	16.92037	0.15559	11.12450	0.00335	0.28828	9.65430	-0.10310	0.40123	0.02529
35.94773	0.07024	21.39452	17.18356	0.14637	11.03665	-0.00021	0.31087	9.62150	0.00533	0.40197	0.02239
35.65450	0.10369	21.38179	17.44836	0.23460	10.84883	0.00138	0.24493	9.59807	0.07508	0.44483	0.03029
35.77146	0.11489	21.36250	17.03469	0.20752	11.04899	-0.00568	0.29678	9.54717	-0.06441	0.40227	0.03750
35.70782	0.04246	21.24225	16.57361	0.19306	11.18978	-0.01349	0.27646	9.60380	-0.01005	0.45427	0.02746
35.77284	0.09844	21.37279	17.10651	0.17390	11.17735	0.00265	0.33963	9.53896	-0.03304	0.48553	0.03326
35.82443	0.03961	21.17343	16.83897	0.14875	11.14718	-0.01037	0.26332	9.58323	-0.03337	0.43578	0.03249
36.08979	0.04242	21.27009	16.60024	0.17376	11.10923	0.00099	0.26129	9.56401	0.00540	0.42242	0.01738
35.83464	0.10100	21.22841	16.81525	0.16003	11.18283	0.00058	0.30276	9.61570	-0.01018	0.37497	0.02887
35.06691	3.79183	19.53349	20.38790	0.40088	7.60831	-0.00540	0.27665	9.43926	0.08110	0.19254	0.05010
35.06028	3.72521	19.54346	20.25959	0.33909	7.90677	-0.00597	0.30230	9.26213	0.14325	0.10296	0.04033
35.20431	3.65981	19.36912	20.24574	0.31765	7.84146	-0.00328	0.28898	9.58431	0.17390	0.14694	0.04528
35.28654	3.63587	19.40428	20.26654	0.30656	7.80462	-0.00672	0.29936	9.45813	0.09735	0.13780	0.05386
35.19284	3.64263	19.71320	19.90854	0.28959	7.75861	-0.01993	0.28162	9.65040	0.24301	0.15146	0.06876
35.16354	3.58142	19.41184	20.29969	0.31986	7.83594	0.01256	0.30135	9.42640	0.25052	0.13030	0.04245
35.12555	3.65433	19.52783	20.62523	0.31524	7.94999	0.00367	0.32993	9.47928	0.13546	0.18927	0.05239
35.03409	3.71042	19.44048	20.25779	0.36473	7.68756	-0.01026	0.27844	9.43055	-0.00254	0.19571	0.04740
35.15993	3.69421	19.39013	20.67771	0.38372	7.60954	-0.00560	0.28414	9.47331	0.15072	0.15676	0.05805
35.08561	3.60386	19.17008	20.33559	0.29957	7.87207	-0.00405	0.26235	9.57902	0.12019	0.16444	0.06447
35.35899	2.30322	20.30134	18.48768	0.14093	9.75016	-0.00931	0.32265	9.29340	0.11777	0.36264	0.02716
35.59858	2.50162	20.19965	18.54269	0.11325	9.75588	-0.00448	0.32426	9.33008	0.08777	0.34715	0.02942
35.71728	2.34453	20.36706	18.33883	0.14718	9.61570	-0.00643	0.33219	9.38534	0.14953	0.30513	0.03301
35.76014	2.34746	20.38856	18.04170	0.11658	9.56903	-0.01037	0.34523	9.37138	0.09535	0.31938	0.03441
35.42266	2.29991	20.12271	18.27443	0.12571	9.68655	-0.00060	0.30390	9.35572	0.23436	0.32519	0.03086
35.57394	2.44665	20.32489	18.40063	0.11773	9.52761	-0.00334	0.34642	9.50566	0.03375	0.32063	0.03727
35.81169	2.41595	20.43261	18.01712	0.09414	9.50909	0.00290	0.34885	9.51963	0.14965	0.32296	0.03444
35.82011	2.38288	20.35025	18.47575	0.18555	9.53663	-0.00643	0.32630	9.54657	0.15720	0.32413	0.03299
35.71026	2.41838	20.07489	18.54930	0.17188	9.43974	0.00133	0.14440	9.87575	0.08000	0.36314	0.05152
35.79511	2.30942	20.33355	18.08068	0.16643	9.30049	0.00290	0.30892	9.53417	0.15731	0.36254	0.03372
35.65443	2.35280	20.52702	18.17205	0.16471	9.64107	-0.01670	0.33761	9.42398	0.05778	0.27713	0.03543
35.95869	2.45439	20.57803	18.03094	0.21158	9.66468	-0.01654	0.34229	9.55418	0.08167	0.25963	0.04484
35.82347	2.57408	20.40543	18.03385	0.14264	9.67644	-0.01460	0.34693	9.54818	0.03536	0.23696	0.04054
35.92371	2.59911	20.48356	18.00634	0.17203	9.56666	-0.02665	0.34314	9.57065	-0.03410	0.29539	0.05270
35.84940	2.58838	20.45322	17.95825	0.15961	9.79455	-0.02082	0.30819	9.57247	0.04309	0.24413	0.03195
35.85699	2.44084	20.47130	18.15355	0.18233	9.63908	-0.02776	0.32151	9.37922	0.14364	0.28452	0.04274
35.44311	2.52537	20.15001	18.55289	0.16615	9.85806	-0.01188	0.26404	9.19336	0.02753	0.30531	0.03909
35.94524	2.70171	20.54328	17.98262	0.16752	9.64590	-0.01887	0.32908	9.55092	0.17427	0.25035	0.04340
35.48385	2.46668	20.15555	18.73848	0.17067	9.77353	-0.01457	0.23775	9.29581	0.09693	0.34066	0.04624
35.95887	2.56968	20.39103	18.02258	0.18463	9.66152	-0.01376	0.31650	9.48857	-0.00302	0.22811	0.02197