SiO2	TiO2	Al2O3	Cr2O3	FeO	MnO	MgO	CaO	Na2O
38.60	0.09	21.27	0.10	22.71	0.58	6.28	10.41	0.01
38.62	0.11	21.09	0.11	21.75	0.74	6.15	11.24	0.04
38.25	0.10	21.09	0.06	27.94	0.52	1.87	11.15	0.02
38.05	0.24	20.78	0.01	24.08	4.84	1.05	11.81	0.02
36.78	0.22	19.52	0.04	16.39	23.92	0.22	2.86	0.02
37.90	0.10	20.49	0.00	30.38	1.07	2.18	8.18	0.0178
								
								
								
								
								
								
								
								
								
								
								
								
								
								
								
								
								
								
								
								
								
								
								
								
								
								
								
								
								
								
								
								
								
								
								
								
								
								
								
								
								
								
								
								
								
								
								
								
								
								
								
								
								
								
								
								
								
								
								
								
								
								
								
								
								
								
								
								
								
								
								
								
								
								
								
								
								
								
								
								
								
								
								
								
								
								
								
								
								
								
								
								
								
								
								
								
								
								
								
								
								
								
								
								
								
								
								
								
								
								
								
								
								
								
								
								
								
								
								
								
								
								
								
								
								
								
								
								
								
								
								
								
								
								
								
								
								
								
								
								
								
								
								
								
								
								
								
								
								
								
								
								
								
								
								
								